
strategic_region={
	id=202
	name="STRATEGICREGION_202"
	provinces={
		756 1216 1384 1459 1479 1483 1493 1517 1532 1554 1573 1576 1591 1593 1614 1623 1632 1649 1675 1721 1825 1840 1919 2058 3593 4224 4300 4316 4391 4467 4482 4488 4499 4523 4542 4549 4563 4578 4581 4599 4618 4620 4629 4636 4638 4686 4768 4773 4845 4923 4958 5003 5062 7224 7243 7477 7486 7491 7501 7507 7541 7556 7560 7563 7597 7600 7618 7635 7639 7641 7657 7682 7706 7711 7775 7777 7924 8027 8099 9605 10146 10148 10187 10205 10348 10353 10357 10359 10366 10395 10406 10408 10414 10417 10420 10435 10470 10485 10488 10506 10510 10530 10547 10601 10603 10660 10671 10742 11687 11701 12161 12218 12233 12239 12250 12324 12329 12333 12340 12359 12370 12383 12385 12397 12430 12454 12465 12471 12474 12491 12511 12581 12583 12640 12658 12722 12805 13147 13343 13344 
	}
	weather={
	}
}
