
strategic_region={
	id=217
	name="STRATEGICREGION_217"
	provinces={
		1006 1053 1066 1078 1094 1110 1120 1138 1153 1162 1166 1193 1202 1448 1628 3992 4038 4050 4053 4070 4081 4083 4113 4156 4165 4169 4183 4185 4196 4207 7004 7007 7027 7054 7067 7071 7099 7108 7131 7141 7159 7172 7182 7199 7502 7653 9938 9942 9970 9978 9982 9984 10010 10012 10042 10054 10057 10062 10069 10084 10093 10112 10114 10501 11918 11945 11961 11986 11988 12030 12057 12084 12095 12310 12350 12483 12495 13141 13143 
	}
	weather={
	}
}
